1) 1,2,3,5,6,9,17: hasMatch: 1,3,9,17 - 2,5,6,17
2) 1,2,3,5,7,10,16: hasMatch: 1,3,10,16 - 2,5,7,16
3) 1,2,3,5,8,15,18: hasMatch: 1,3,8,18 - 2,5,8,15
4) 1,2,3,5,9,14,17: hasMatch: 1,3,9,17 - 2,5,9,14
5) 1,2,3,5,10,13,21: hasMatch: 1,3,5,21 - 2,5,10,13
6) 1,2,3,5,11,12,21: hasMatch: 1,3,5,21 - 2,5,11,12
7) 1,2,3,5,11,15,20: hasMatch: 1,3,11,15 - 2,3,5,20
8) 1,2,3,5,12,14,20: hasMatch: 1,3,12,14 - 2,3,5,20
9) 1,2,3,6,7,9,16: hasMatch: 1,6,7,16 - 2,3,9,16
10) 1,2,3,6,8,15,17: hasMatch: 1,6,8,15 - 2,3,8,17
11) 1,2,3,6,11,14,20: hasMatch: 1,3,6,20 - 2,3,11,14
12) 1,2,3,6,12,13,20: hasMatch: 1,3,6,20 - 2,3,12,13
13) 1,2,3,6,12,14,19: hasMatch: 1,3,12,14 - 2,3,6,19
14) 1,2,3,7,8,13,24: hasMatch: 1,2,3,24 - 2,7,8,13
15) 1,2,3,7,8,14,24: hasMatch: 1,2,3,24 - 1,7,8,14
16) 1,2,3,7,9,12,24: hasMatch: 1,2,3,24 - 2,7,9,12
17) 1,2,3,7,9,13,24: hasMatch: 1,2,3,24 - 1,7,9,13
18) 1,2,3,7,10,11,24: hasMatch: 1,2,3,24 - 2,7,10,11
19) 1,2,3,7,10,12,24: hasMatch: 1,2,3,24 - 1,7,10,12
20) 1,2,3,7,12,13,19: hasMatch: 1,3,7,19 - 2,3,12,13
21) 1,2,3,8,9,11,24: hasMatch: 1,2,3,24 - 2,8,9,11
22) 1,2,3,8,9,12,24: hasMatch: 1,2,3,24 - 1,8,9,12
23) 1,2,3,8,10,11,24: hasMatch: 1,2,3,24 - 1,8,10,11
24) 1,2,4,5,9,12,22: hasMatch: 1,2,5,22 - 4,5,9,12
25) 1,2,4,5,10,11,22: hasMatch: 1,2,5,22 - 4,5,10,11
26) 1,2,4,5,11,16,20: hasMatch: 1,2,11,16 - 1,4,5,20
27) 1,2,4,5,12,15,19: hasMatch: 1,2,12,15 - 2,4,5,19
28) 1,2,4,5,12,15,20: hasMatch: 1,2,12,15 - 1,4,5,20
29) 1,2,4,5,13,14,19: hasMatch: 1,2,13,14 - 2,4,5,19
30) 1,2,4,5,13,14,20: hasMatch: 1,2,13,14 - 1,4,5,20
31) 1,2,4,6,10,15,21: hasMatch: 1,2,6,21 - 1,4,10,15
32) 1,2,4,6,11,14,21: hasMatch: 1,2,6,21 - 1,4,11,14
33) 1,2,4,6,12,13,21: hasMatch: 1,2,6,21 - 1,4,12,13
34) 1,2,4,6,12,15,19: hasMatch: 1,2,12,15 - 1,4,6,19
35) 1,2,4,6,13,14,18: hasMatch: 1,2,13,14 - 2,4,6,18
36) 1,2,4,6,13,14,19: hasMatch: 1,2,13,14 - 1,4,6,19
37) 1,2,4,7,11,13,20: hasMatch: 1,2,7,20 - 2,4,11,13
38) 1,2,4,7,11,14,20: hasMatch: 1,2,7,20 - 1,4,11,14
39) 1,2,4,7,12,13,20: hasMatch: 1,2,7,20 - 1,4,12,13
40) 1,2,4,7,13,14,18: hasMatch: 1,2,13,14 - 1,4,7,18
41) 1,2,4,8,9,11,23: hasMatch: 1,2,4,23 - 2,8,9,11
42) 1,2,4,8,9,12,23: hasMatch: 1,2,4,23 - 1,8,9,12
43) 1,2,4,8,10,11,23: hasMatch: 1,2,4,23 - 1,8,10,11
44) 1,2,4,8,12,13,19: hasMatch: 1,2,8,19 - 1,4,12,13
45) 1,2,5,6,7,12,20: hasMatch: 1,2,7,20 - 5,6,7,12
46) 1,2,5,6,13,14,18: hasMatch: 1,2,13,14 - 1,5,6,18
47) 1,2,5,7,8,11,13: hasMatch: 1,5,11,13 - 2,7,8,13
48) 1,2,5,7,11,13,20: hasMatch: 1,2,7,20 - 1,5,11,13
49) 1,2,6,7,8,9,18: hasMatch: 1,2,9,18 - 6,7,8,9
50) 1,2,6,7,9,16,18: hasMatch: 1,2,9,18 - 1,6,7,16
51) 1,2,6,8,10,15,17: hasMatch: 1,2,10,17 - 1,6,8,15
52) 1,2,6,8,11,12,14: hasMatch: 1,6,11,12 - 2,6,8,14
53) 1,2,7,8,10,14,17: hasMatch: 1,2,10,17 - 1,7,8,14
54) 1,2,8,10,11,13,14: hasMatch: 1,2,13,14 - 1,8,10,11
55) 1,3,4,5,7,8,16: hasMatch: 1,5,8,16 - 3,4,7,16
56) 1,3,4,5,8,15,16: hasMatch: 1,5,8,16 - 3,4,8,15
57) 1,3,4,5,8,15,20: hasMatch: 1,4,5,20 - 3,4,8,15
58) 1,3,4,5,9,10,14: hasMatch: 1,5,10,14 - 3,4,9,14
59) 1,3,4,5,10,14,18: hasMatch: 1,5,10,14 - 3,4,5,18
60) 1,3,4,5,11,12,20: hasMatch: 1,4,5,20 - 3,4,11,12
61) 1,3,4,6,7,11,14: hasMatch: 1,4,11,14 - 3,6,7,14
62) 1,3,4,6,7,14,18: hasMatch: 1,4,7,18 - 3,6,7,14
63) 1,3,4,6,9,12,19: hasMatch: 1,4,6,19 - 3,6,9,12
64) 1,3,4,6,9,12,22: hasMatch: 1,3,4,22 - 3,6,9,12
65) 1,3,4,6,10,11,22: hasMatch: 1,3,4,22 - 3,6,10,11
66) 1,3,4,6,11,14,17: hasMatch: 1,4,11,14 - 3,4,6,17
67) 1,3,4,7,8,12,13: hasMatch: 1,4,12,13 - 3,7,8,12
68) 1,3,4,7,8,16,17: hasMatch: 1,4,8,17 - 3,4,7,16
69) 1,3,4,8,9,11,12: hasMatch: 1,8,9,12 - 3,4,11,12
70) 1,3,4,8,9,15,16: hasMatch: 1,4,9,16 - 3,4,8,15
71) 1,3,4,8,10,11,13: hasMatch: 1,8,10,11 - 3,4,10,13
72) 1,3,5,6,8,9,14: hasMatch: 1,6,9,14 - 3,5,8,14
73) 1,3,5,6,8,11,20: hasMatch: 1,3,6,20 - 5,6,8,11
74) 1,3,5,6,8,14,20: hasMatch: 1,3,6,20 - 3,5,8,14
75) 1,3,5,7,8,12,16: hasMatch: 1,5,8,16 - 3,7,8,12
76) 1,3,6,7,9,12,16: hasMatch: 1,6,7,16 - 3,6,9,12
77) 1,3,6,7,9,12,19: hasMatch: 1,3,7,19 - 3,6,9,12
78) 1,3,6,9,10,12,13: hasMatch: 1,6,10,13 - 3,6,9,12
79) 1,3,6,9,10,12,16: hasMatch: 1,3,10,16 - 3,6,9,12
80) 1,4,5,6,7,15,16: hasMatch: 1,6,7,16 - 4,5,6,15
81) 1,4,5,6,10,11,12: hasMatch: 1,6,11,12 - 4,5,10,11
82) 1,4,5,7,8,11,16: hasMatch: 1,5,8,16 - 4,7,8,11
83) 1,4,5,7,8,11,20: hasMatch: 1,4,5,20 - 4,7,8,11
84) 1,4,5,7,10,11,17: hasMatch: 1,5,7,17 - 4,5,10,11
85) 1,4,5,8,10,13,14: hasMatch: 1,5,10,14 - 4,5,8,13
86) 1,4,6,7,8,13,14: hasMatch: 1,7,8,14 - 4,6,7,13
87) 1,4,7,8,9,11,16: hasMatch: 1,4,9,16 - 4,7,8,11
88) 1,5,6,7,8,12,14: hasMatch: 1,7,8,14 - 5,6,7,12