1) 1,2,3,5,6,9,15: hasMatch: 1,3,9,15 - 2,5,6,15
2) 1,2,3,5,8,13,16: hasMatch: 1,3,8,16 - 2,5,8,13
3) 1,2,3,5,10,11,19: hasMatch: 1,3,5,19 - 2,5,10,11
4) 1,2,3,5,11,13,18: hasMatch: 1,3,11,13 - 2,3,5,18
5) 1,2,3,6,11,12,18: hasMatch: 1,3,6,18 - 2,3,11,12
6) 1,2,3,7,8,11,22: hasMatch: 1,2,3,22 - 2,7,8,11
7) 1,2,3,7,8,12,22: hasMatch: 1,2,3,22 - 1,7,8,12
8) 1,2,3,7,9,10,22: hasMatch: 1,2,3,22 - 2,7,9,10
9) 1,2,3,7,9,11,22: hasMatch: 1,2,3,22 - 1,7,9,11
10) 1,2,3,8,9,10,22: hasMatch: 1,2,3,22 - 1,8,9,10
11) 1,2,4,5,9,10,20: hasMatch: 1,2,5,20 - 4,5,9,10
12) 1,2,4,5,11,14,18: hasMatch: 1,2,11,14 - 1,4,5,18
13) 1,2,4,5,12,13,17: hasMatch: 1,2,12,13 - 2,4,5,17
14) 1,2,4,5,12,13,18: hasMatch: 1,2,12,13 - 1,4,5,18
15) 1,2,4,6,10,13,19: hasMatch: 1,2,6,19 - 1,4,10,13
16) 1,2,4,6,11,12,19: hasMatch: 1,2,6,19 - 1,4,11,12
17) 1,2,4,6,12,13,17: hasMatch: 1,2,12,13 - 1,4,6,17
18) 1,2,4,7,11,12,18: hasMatch: 1,2,7,18 - 1,4,11,12
19) 1,2,4,8,9,10,21: hasMatch: 1,2,4,21 - 1,8,9,10
20) 1,2,6,7,9,14,16: hasMatch: 1,2,9,16 - 1,6,7,14
21) 1,2,8,9,10,12,13: hasMatch: 1,2,12,13 - 1,8,9,10
22) 1,3,4,5,8,9,13: hasMatch: 1,5,9,13 - 3,4,8,13
23) 1,3,4,5,8,13,18: hasMatch: 1,4,5,18 - 3,4,8,13
24) 1,3,4,6,9,10,20: hasMatch: 1,3,4,20 - 3,6,9,10
25) 1,3,4,7,8,14,15: hasMatch: 1,4,8,15 - 3,4,7,14
26) 1,3,5,6,8,12,18: hasMatch: 1,3,6,18 - 3,5,8,12
27) 1,4,5,6,9,10,11: hasMatch: 1,6,10,11 - 4,5,9,10
28) 1,4,5,6,9,10,16: hasMatch: 1,5,6,16 - 4,5,9,10