1) 1,2,3,4,11,12,13,18,46: hasMatch: 1,2,3,4,46 - 2,11,12,13,18
2) 1,2,3,4,11,12,13,19,46: hasMatch: 1,2,3,4,46 - 1,11,12,13,19
3) 1,2,3,4,11,12,14,17,46: hasMatch: 1,2,3,4,46 - 2,11,12,14,17
4) 1,2,3,4,11,12,14,18,46: hasMatch: 1,2,3,4,46 - 1,11,12,14,18
5) 1,2,3,4,11,12,15,16,46: hasMatch: 1,2,3,4,46 - 2,11,12,15,16
6) 1,2,3,4,11,12,15,17,46: hasMatch: 1,2,3,4,46 - 1,11,12,15,17
7) 1,2,3,4,11,13,14,16,46: hasMatch: 1,2,3,4,46 - 2,11,13,14,16
8) 1,2,3,4,11,13,14,17,46: hasMatch: 1,2,3,4,46 - 1,11,13,14,17
9) 1,2,3,4,11,13,15,16,46: hasMatch: 1,2,3,4,46 - 1,11,13,15,16
10) 1,2,3,4,12,13,14,15,46: hasMatch: 1,2,3,4,46 - 2,12,13,14,15
11) 1,2,3,4,12,13,14,16,46: hasMatch: 1,2,3,4,46 - 1,12,13,14,16
12) 1,2,3,5,12,13,14,15,45: hasMatch: 1,2,3,5,45 - 2,12,13,14,15
13) 1,2,3,5,12,13,14,16,45: hasMatch: 1,2,3,5,45 - 1,12,13,14,16
14) 1,2,3,10,11,12,14,22,36: hasMatch: 1,2,3,14,36 - 1,10,11,12,22
15) 1,2,3,12,13,14,15,18,32: hasMatch: 1,2,3,18,32 - 2,12,13,14,15
16) 1,2,3,12,13,14,16,18,32: hasMatch: 1,2,3,18,32 - 1,12,13,14,16
17) 1,3,4,6,7,13,16,18,41: hasMatch: 1,3,4,7,41 - 3,6,13,16,18
18) 1,3,4,7,8,12,19,23,31: hasMatch: 1,4,8,12,31 - 3,4,7,19,23
19) 1,3,4,8,11,12,15,19,31: hasMatch: 1,4,8,12,31 - 3,8,11,15,19
20) 1,3,4,8,11,12,15,23,31: hasMatch: 1,4,8,12,31 - 3,4,11,15,23
21) 1,3,4,8,12,13,17,21,29: hasMatch: 1,4,13,17,21 - 3,4,8,12,29
22) 1,4,5,6,9,10,14,15,24: hasMatch: 1,6,10,15,24 - 4,5,9,14,24
23) 1,4,5,6,9,10,14,19,34: hasMatch: 1,5,6,10,34 - 4,9,10,14,19
24) 1,4,5,6,9,10,14,24,34: hasMatch: 1,5,6,10,34 - 4,5,9,14,24
25) 1,4,5,6,10,11,16,21,22: hasMatch: 1,6,11,16,22 - 4,5,10,16,21
26) 1,4,5,6,10,16,17,21,27: hasMatch: 1,5,6,17,27 - 4,5,10,16,21
27) 1,4,5,8,9,13,14,22,27: hasMatch: 1,5,9,14,27 - 4,8,9,13,22
28) 1,4,5,8,9,13,18,22,23: hasMatch: 1,5,9,18,23 - 4,8,9,13,22
29) 1,4,5,9,10,14,15,19,25: hasMatch: 1,5,10,15,25 - 4,9,10,14,19
30) 1,4,5,9,10,14,15,24,25: hasMatch: 1,5,10,15,25 - 4,5,9,14,24
31) 1,4,7,8,11,12,15,19,31: hasMatch: 1,4,8,12,31 - 4,7,11,15,19
32) 1,4,7,8,11,15,16,19,27: hasMatch: 1,4,8,16,27 - 4,7,11,15,19