1) 1,2,3,5,6,9,16: hasMatch: 1,3,9,16 - 2,5,6,16
2) 1,2,3,5,7,10,15: hasMatch: 1,3,10,15 - 2,5,7,15
3) 1,2,3,5,8,14,17: hasMatch: 1,3,8,17 - 2,5,8,14
4) 1,2,3,5,10,12,20: hasMatch: 1,3,5,20 - 2,5,10,12
5) 1,2,3,5,11,14,19: hasMatch: 1,3,11,14 - 2,3,5,19
6) 1,2,3,5,12,13,19: hasMatch: 1,3,12,13 - 2,3,5,19
7) 1,2,3,6,7,9,15: hasMatch: 1,6,7,15 - 2,3,9,15
8) 1,2,3,6,8,14,16: hasMatch: 1,6,8,14 - 2,3,8,16
9) 1,2,3,6,11,13,19: hasMatch: 1,3,6,19 - 2,3,11,13
10) 1,2,3,6,12,13,18: hasMatch: 1,3,12,13 - 2,3,6,18
11) 1,2,3,7,8,12,23: hasMatch: 1,2,3,23 - 2,7,8,12
12) 1,2,3,7,8,13,23: hasMatch: 1,2,3,23 - 1,7,8,13
13) 1,2,3,7,9,11,23: hasMatch: 1,2,3,23 - 2,7,9,11
14) 1,2,3,7,9,12,23: hasMatch: 1,2,3,23 - 1,7,9,12
15) 1,2,3,7,10,11,23: hasMatch: 1,2,3,23 - 1,7,10,11
16) 1,2,3,8,9,10,23: hasMatch: 1,2,3,23 - 2,8,9,10
17) 1,2,3,8,9,11,13: hasMatch: 1,8,9,11 - 2,3,11,13
18) 1,2,3,8,9,11,23: hasMatch: 1,2,3,23 - 1,8,9,11
19) 1,2,4,5,9,11,21: hasMatch: 1,2,5,21 - 4,5,9,11
20) 1,2,4,5,11,15,19: hasMatch: 1,2,11,15 - 1,4,5,19
21) 1,2,4,5,12,14,18: hasMatch: 1,2,12,14 - 2,4,5,18
22) 1,2,4,5,12,14,19: hasMatch: 1,2,12,14 - 1,4,5,19
23) 1,2,4,6,10,14,20: hasMatch: 1,2,6,20 - 1,4,10,14
24) 1,2,4,6,11,13,20: hasMatch: 1,2,6,20 - 1,4,11,13
25) 1,2,4,6,12,14,18: hasMatch: 1,2,12,14 - 1,4,6,18
26) 1,2,4,7,11,12,19: hasMatch: 1,2,7,19 - 2,4,11,12
27) 1,2,4,7,11,13,19: hasMatch: 1,2,7,19 - 1,4,11,13
28) 1,2,4,8,9,10,22: hasMatch: 1,2,4,22 - 2,8,9,10
29) 1,2,4,8,9,11,22: hasMatch: 1,2,4,22 - 1,8,9,11
30) 1,2,5,6,7,11,19: hasMatch: 1,2,7,19 - 5,6,7,11
31) 1,2,5,7,11,12,19: hasMatch: 1,2,7,19 - 1,5,11,12
32) 1,2,6,7,9,15,17: hasMatch: 1,2,9,17 - 1,6,7,15
33) 1,2,6,8,10,14,16: hasMatch: 1,2,10,16 - 1,6,8,14
34) 1,3,4,5,7,8,15: hasMatch: 1,5,8,15 - 3,4,7,15
35) 1,3,4,5,8,14,19: hasMatch: 1,4,5,19 - 3,4,8,14
36) 1,3,4,5,9,13,14: hasMatch: 1,5,9,14 - 3,4,9,13
37) 1,3,4,5,10,13,17: hasMatch: 1,5,10,13 - 3,4,5,17
38) 1,3,4,6,7,13,17: hasMatch: 1,4,7,17 - 3,6,7,13
39) 1,3,4,6,9,11,21: hasMatch: 1,3,4,21 - 3,6,9,11
40) 1,3,4,7,8,11,16: hasMatch: 1,4,8,16 - 3,7,8,11
41) 1,3,4,7,8,15,16: hasMatch: 1,4,8,16 - 3,4,7,15
42) 1,3,4,9,10,13,14: hasMatch: 1,4,10,14 - 3,4,9,13
43) 1,3,5,6,8,13,19: hasMatch: 1,3,6,19 - 3,5,8,13
44) 1,3,5,8,9,13,14: hasMatch: 1,5,9,14 - 3,5,8,13
45) 1,3,6,7,11,13,14: hasMatch: 1,3,11,14 - 3,6,7,13
46) 1,4,6,7,9,10,17: hasMatch: 1,4,7,17 - 4,6,9,10