1) 1,2,3,5,6,9,18: hasMatch: 1,3,9,18 - 2,5,6,18
2) 1,2,3,5,7,10,17: hasMatch: 1,3,10,17 - 2,5,7,17
3) 1,2,3,5,8,11,16: hasMatch: 1,3,11,16 - 2,5,8,16
4) 1,2,3,5,8,16,19: hasMatch: 1,3,8,19 - 2,5,8,16
5) 1,2,3,5,9,15,18: hasMatch: 1,3,9,18 - 2,5,9,15
6) 1,2,3,5,10,14,22: hasMatch: 1,3,5,22 - 2,5,10,14
7) 1,2,3,5,11,13,22: hasMatch: 1,3,5,22 - 2,5,11,13
8) 1,2,3,5,11,16,21: hasMatch: 1,3,11,16 - 2,3,5,21
9) 1,2,3,5,12,15,21: hasMatch: 1,3,12,15 - 2,3,5,21
10) 1,2,3,5,13,14,21: hasMatch: 1,3,13,14 - 2,3,5,21
11) 1,2,3,6,7,9,17: hasMatch: 1,6,7,17 - 2,3,9,17
12) 1,2,3,6,7,11,16: hasMatch: 1,3,11,16 - 2,6,7,16
13) 1,2,3,6,8,10,16: hasMatch: 1,6,8,16 - 2,3,10,16
14) 1,2,3,6,8,16,18: hasMatch: 1,6,8,16 - 2,3,8,18
15) 1,2,3,6,9,14,18: hasMatch: 1,3,9,18 - 2,6,9,14
16) 1,2,3,6,9,15,17: hasMatch: 1,6,9,15 - 2,3,9,17
17) 1,2,3,6,11,12,21: hasMatch: 1,3,6,21 - 2,6,11,12
18) 1,2,3,6,11,15,21: hasMatch: 1,3,6,21 - 2,3,11,15
19) 1,2,3,6,12,14,21: hasMatch: 1,3,6,21 - 2,3,12,14
20) 1,2,3,6,12,15,20: hasMatch: 1,3,12,15 - 2,3,6,20
21) 1,2,3,6,13,14,20: hasMatch: 1,3,13,14 - 2,3,6,20
22) 1,2,3,7,8,14,25: hasMatch: 1,2,3,25 - 2,7,8,14
23) 1,2,3,7,8,15,25: hasMatch: 1,2,3,25 - 1,7,8,15
24) 1,2,3,7,9,13,25: hasMatch: 1,2,3,25 - 2,7,9,13
25) 1,2,3,7,9,14,25: hasMatch: 1,2,3,25 - 1,7,9,14
26) 1,2,3,7,10,12,25: hasMatch: 1,2,3,25 - 2,7,10,12
27) 1,2,3,7,10,13,25: hasMatch: 1,2,3,25 - 1,7,10,13
28) 1,2,3,7,11,12,25: hasMatch: 1,2,3,25 - 1,7,11,12
29) 1,2,3,7,12,14,20: hasMatch: 1,3,7,20 - 2,3,12,14
30) 1,2,3,7,13,14,19: hasMatch: 1,3,13,14 - 2,3,7,19
31) 1,2,3,8,9,12,15: hasMatch: 1,3,12,15 - 2,8,9,12
32) 1,2,3,8,9,12,25: hasMatch: 1,2,3,25 - 2,8,9,12
33) 1,2,3,8,9,13,25: hasMatch: 1,2,3,25 - 1,8,9,13
34) 1,2,3,8,10,11,25: hasMatch: 1,2,3,25 - 2,8,10,11
35) 1,2,3,8,10,12,14: hasMatch: 1,8,10,12 - 2,3,12,14
36) 1,2,3,8,10,12,25: hasMatch: 1,2,3,25 - 1,8,10,12
37) 1,2,3,9,10,11,25: hasMatch: 1,2,3,25 - 1,9,10,11
38) 1,2,4,5,6,12,16: hasMatch: 1,2,12,16 - 4,5,6,16
39) 1,2,4,5,9,13,23: hasMatch: 1,2,5,23 - 4,5,9,13
40) 1,2,4,5,10,12,23: hasMatch: 1,2,5,23 - 4,5,10,12
41) 1,2,4,5,11,17,21: hasMatch: 1,2,11,17 - 1,4,5,21
42) 1,2,4,5,12,16,20: hasMatch: 1,2,12,16 - 2,4,5,20
43) 1,2,4,5,12,16,21: hasMatch: 1,2,12,16 - 1,4,5,21
44) 1,2,4,5,13,15,20: hasMatch: 1,2,13,15 - 2,4,5,20
45) 1,2,4,5,13,15,21: hasMatch: 1,2,13,15 - 1,4,5,21
46) 1,2,4,6,7,10,16: hasMatch: 1,4,10,16 - 2,6,7,16
47) 1,2,4,6,10,11,22: hasMatch: 1,2,6,22 - 4,6,10,11
48) 1,2,4,6,10,16,22: hasMatch: 1,2,6,22 - 1,4,10,16
49) 1,2,4,6,11,15,22: hasMatch: 1,2,6,22 - 1,4,11,15
50) 1,2,4,6,12,14,22: hasMatch: 1,2,6,22 - 1,4,12,14
51) 1,2,4,6,12,16,20: hasMatch: 1,2,12,16 - 1,4,6,20
52) 1,2,4,6,13,15,19: hasMatch: 1,2,13,15 - 2,4,6,19
53) 1,2,4,6,13,15,20: hasMatch: 1,2,13,15 - 1,4,6,20
54) 1,2,4,7,11,14,21: hasMatch: 1,2,7,21 - 2,4,11,14
55) 1,2,4,7,11,15,21: hasMatch: 1,2,7,21 - 1,4,11,15
56) 1,2,4,7,12,13,21: hasMatch: 1,2,7,21 - 2,4,12,13
57) 1,2,4,7,12,14,21: hasMatch: 1,2,7,21 - 1,4,12,14
58) 1,2,4,7,13,15,19: hasMatch: 1,2,13,15 - 1,4,7,19
59) 1,2,4,8,9,10,24: hasMatch: 1,2,4,24 - 4,8,9,10
60) 1,2,4,8,9,12,24: hasMatch: 1,2,4,24 - 2,8,9,12
61) 1,2,4,8,9,13,24: hasMatch: 1,2,4,24 - 1,8,9,13
62) 1,2,4,8,10,11,24: hasMatch: 1,2,4,24 - 2,8,10,11
63) 1,2,4,8,10,12,24: hasMatch: 1,2,4,24 - 1,8,10,12
64) 1,2,4,8,12,13,20: hasMatch: 1,2,8,20 - 2,4,12,13
65) 1,2,4,8,12,14,20: hasMatch: 1,2,8,20 - 1,4,12,14
66) 1,2,4,9,10,11,24: hasMatch: 1,2,4,24 - 1,9,10,11
67) 1,2,5,6,7,13,21: hasMatch: 1,2,7,21 - 5,6,7,13
68) 1,2,5,6,13,15,19: hasMatch: 1,2,13,15 - 1,5,6,19
69) 1,2,5,7,10,12,15: hasMatch: 1,5,10,15 - 2,7,10,12
70) 1,2,5,7,10,15,17: hasMatch: 1,5,10,15 - 2,5,7,17
71) 1,2,5,7,11,14,21: hasMatch: 1,2,7,21 - 1,5,11,14
72) 1,2,5,7,12,13,21: hasMatch: 1,2,7,21 - 1,5,12,13
73) 1,2,5,8,12,13,20: hasMatch: 1,2,8,20 - 1,5,12,13
74) 1,2,5,9,10,11,23: hasMatch: 1,2,5,23 - 1,9,10,11
75) 1,2,6,7,9,17,19: hasMatch: 1,2,9,19 - 1,6,7,17
76) 1,2,6,8,10,11,16: hasMatch: 1,6,8,16 - 2,8,10,11
77) 1,2,6,8,10,16,18: hasMatch: 1,2,10,18 - 1,6,8,16
78) 1,2,6,9,11,12,15: hasMatch: 1,6,9,15 - 2,6,11,12
79) 1,2,6,9,11,15,17: hasMatch: 1,2,11,17 - 1,6,9,15
80) 1,2,7,8,10,15,18: hasMatch: 1,2,10,18 - 1,7,8,15
81) 1,2,7,8,11,15,17: hasMatch: 1,2,11,17 - 1,7,8,15
82) 1,2,9,10,11,13,15: hasMatch: 1,2,13,15 - 1,9,10,11
83) 1,3,4,5,7,8,17: hasMatch: 1,5,8,17 - 3,4,7,17
84) 1,3,4,5,8,9,16: hasMatch: 1,5,9,16 - 3,4,8,16
85) 1,3,4,5,8,16,17: hasMatch: 1,5,8,17 - 3,4,8,16
86) 1,3,4,5,8,16,21: hasMatch: 1,4,5,21 - 3,4,8,16
87) 1,3,4,5,10,14,15: hasMatch: 1,5,10,15 - 3,4,10,14
88) 1,3,4,5,10,15,19: hasMatch: 1,5,10,15 - 3,4,5,19
89) 1,3,4,5,11,13,21: hasMatch: 1,4,5,21 - 3,4,11,13
90) 1,3,4,6,7,15,19: hasMatch: 1,4,7,19 - 3,6,7,15
91) 1,3,4,6,9,13,20: hasMatch: 1,4,6,20 - 3,6,9,13
92) 1,3,4,6,9,13,23: hasMatch: 1,3,4,23 - 3,6,9,13
93) 1,3,4,6,10,12,23: hasMatch: 1,3,4,23 - 3,6,10,12
94) 1,3,4,6,11,15,18: hasMatch: 1,4,11,15 - 3,4,6,18
95) 1,3,4,7,8,17,18: hasMatch: 1,4,8,18 - 3,4,7,17
96) 1,3,4,7,10,11,15: hasMatch: 1,4,11,15 - 3,7,10,11
97) 1,3,4,8,9,13,16: hasMatch: 1,8,9,13 - 3,4,8,16
98) 1,3,4,8,9,16,17: hasMatch: 1,4,9,17 - 3,4,8,16
99) 1,3,4,9,10,11,23: hasMatch: 1,3,4,23 - 1,9,10,11
100) 1,3,4,10,11,14,15: hasMatch: 1,4,11,15 - 3,4,10,14
101) 1,3,5,6,8,12,21: hasMatch: 1,3,6,21 - 5,6,8,12
102) 1,3,5,6,8,15,21: hasMatch: 1,3,6,21 - 3,5,8,15
103) 1,3,5,6,9,11,18: hasMatch: 1,3,9,18 - 5,6,9,11
104) 1,3,5,6,9,14,15: hasMatch: 1,6,9,15 - 3,5,9,14
105) 1,3,5,6,10,13,19: hasMatch: 1,5,6,19 - 3,5,10,13
106) 1,3,5,6,11,12,21: hasMatch: 1,3,6,21 - 3,5,11,12
107) 1,3,5,6,12,15,17: hasMatch: 1,3,12,15 - 3,5,6,17
108) 1,3,5,6,13,14,19: hasMatch: 1,3,13,14 - 1,5,6,19
109) 1,3,5,7,10,11,22: hasMatch: 1,3,5,22 - 3,7,10,11
110) 1,3,5,7,12,13,20: hasMatch: 1,3,7,20 - 1,5,12,13
111) 1,3,5,9,10,14,15: hasMatch: 1,5,10,15 - 3,5,9,14
112) 1,3,6,7,8,10,19: hasMatch: 1,3,8,19 - 6,7,8,10
113) 1,3,6,7,9,10,13: hasMatch: 1,7,10,13 - 3,6,9,13
114) 1,3,6,7,9,13,20: hasMatch: 1,3,7,20 - 3,6,9,13
115) 1,3,6,8,9,11,15: hasMatch: 1,6,9,15 - 3,8,9,11
116) 1,3,6,8,12,14,15: hasMatch: 1,3,12,15 - 3,6,8,14
117) 1,3,7,8,10,11,15: hasMatch: 1,7,8,15 - 3,7,10,11
118) 1,3,7,8,10,15,17: hasMatch: 1,3,10,17 - 1,7,8,15
119) 1,3,9,10,11,13,14: hasMatch: 1,3,13,14 - 1,9,10,11
120) 1,4,5,6,7,16,17: hasMatch: 1,6,7,17 - 4,5,6,16
121) 1,4,5,6,8,10,14: hasMatch: 1,6,10,14 - 4,5,8,14
122) 1,4,5,6,9,13,19: hasMatch: 1,5,6,19 - 4,5,9,13
123) 1,4,5,7,8,12,17: hasMatch: 1,5,8,17 - 4,7,8,12
124) 1,4,5,7,8,12,21: hasMatch: 1,4,5,21 - 4,7,8,12
125) 1,4,5,7,11,12,21: hasMatch: 1,4,5,21 - 1,7,11,12
126) 1,4,5,8,9,10,15: hasMatch: 1,5,10,15 - 4,8,9,10
127) 1,4,5,8,10,14,15: hasMatch: 1,5,10,15 - 4,5,8,14
128) 1,4,5,9,10,13,15: hasMatch: 1,5,10,15 - 4,5,9,13
129) 1,4,6,7,8,14,15: hasMatch: 1,7,8,15 - 4,6,7,14
130) 1,4,6,7,10,11,12: hasMatch: 1,7,11,12 - 4,6,10,11
131) 1,4,6,7,11,15,17: hasMatch: 1,4,11,15 - 1,6,7,17
132) 1,4,6,8,10,11,18: hasMatch: 1,4,8,18 - 4,6,10,11
133) 1,4,6,8,10,14,18: hasMatch: 1,4,8,18 - 1,6,10,14
134) 1,4,7,8,9,12,13: hasMatch: 1,8,9,13 - 4,7,8,12
135) 1,4,7,8,9,12,17: hasMatch: 1,4,9,17 - 4,7,8,12
136) 1,4,8,9,11,13,15: hasMatch: 1,4,11,15 - 1,8,9,13
137) 1,5,6,7,8,13,15: hasMatch: 1,7,8,15 - 5,6,7,13
138) 1,5,6,7,9,13,14: hasMatch: 1,7,9,14 - 5,6,7,13
139) 1,5,6,8,9,12,15: hasMatch: 1,6,9,15 - 5,6,8,12
140) 1,5,6,8,9,13,19: hasMatch: 1,5,6,19 - 1,8,9,13
141) 1,5,7,8,12,13,15: hasMatch: 1,5,12,13 - 1,7,8,15
142) 1,5,7,9,11,12,16: hasMatch: 1,5,9,16 - 1,7,11,12
143) 1,6,7,9,10,11,17: hasMatch: 1,6,7,17 - 1,9,10,11